624
624
625
624
623
571
573
624
674
573
572
571
572
625
623
572
573
520
572
