572
469
572
520
520
625
520
520
572
521
520
520
520
573
572
468
521
572
520
520
573
