833
832
728
729
884
781
780
728
781
832
780
833
832
885
