624
676
667
728
780
729
572
780
729
780
728
677
780
729
728
624
