572
676
625
676
572
677
624
676
625
624
624
572
625
572
624
573
676
572
573
676
572
676
625
676
624
625
676
728
677
676
624
677
624
572
625
572
624
572
625
624
572
677
572
676
573
629
624
573
624
572
624
573
572
572
573
676
520
676
573
624
624
575
624
572
