781
728
728
677
780
728
833
676
728
732
780
677
832
728
781
