624
573
572
572
572
573
624
624
573
728
624
675
669
622
620
624
571
674
