832
780
728
780
781
780
624
677
728
676
833
727
780
625
780
