468
468
520
574
468
572
468
573
572
520
520
521
520
520
468
469
468
468
468
521
468
468
