832
781
780
884
779
829
832
780
832
781
884
885
779
