728
780
833
780
729
728
780
729
832
780
731
780
781
728
