727
675
727
726
677
727
726
677
675
728
729
728
727
704
728
