521
520
572
468
521
520
572
520
470
520
520
468
469
520
520
520
521
520
520
520
521
520
