573
572
624
572
573
572
572
573
520
572
520
469
520
572
520
521
468
572
520
521
