780
780
833
832
781
832
780
781
832
780
781
832
833
780
