520
521
468
572
520
573
520
572
520
573
520
520
520
573
468
572
520
469
572
520
521
