729
624
728
678
676
728
677
676
676
729
624
728
677
624
676
677
624
676
677
676
624
729
624
676
625
728
676
677
676
676
651
676
676
625
676
624
677
624
676
729
572
676
625
624
624
624
625
624
624
625
624
624
627
624
676
677
676
572
729
624
