624
624
624
625
624
572
573
624
624
677
676
676
677
624
676
677
624
