676
625
668
665
619
724
675
624
674
676
624
624
564
677
674
673
722
