624
676
729
676
624
729
728
676
625
728
676
729
780
780
729
676
