624
572
625
624
572
781
624
624
677
676
780
625
676
676
573
832
572
