832
832
937
780
885
832
832
835
832
729
884
832
781
