572
520
468
469
520
468
416
521
468
468
520
468
469
520
520
520
573
416
520
468
521
520
416
