663
668
612
714
615
714
664
614
714
664
639
663
613
561
614
562
663
