936
1040
989
1040
885
884
937
884
937
988
989
