780
780
781
780
833
780
780
729
832
780
781
728
833
728
