728
730
728
780
677
780
780
731
728
781
780
780
677
728
780
