728
728
731
728
781
676
676
677
676
676
624
625
624
676
729
780
