937
832
885
832
936
781
832
885
832
832
885
884
729
