520
468
417
468
468
416
469
572
468
520
521
520
624
520
573
520
520
520
573
520
520
469
