624
521
572
624
677
624
572
625
728
624
625
624
676
677
624
728
677
