714
766
717
817
714
768
766
716
715
765
665
817
867
820
