781
676
728
677
728
728
781
676
624
729
676
729
624
728
677
728
