624
676
625
624
624
676
677
624
624
729
624
676
625
624
676
573
624
