676
624
677
624
572
677
624
624
677
572
676
625
624
728
677
728
728
