728
832
730
728
624
677
725
621
728
727
728
678
728
834
624
