833
884
676
729
572
988
884
727
884
831
883
884
624
