832
884
833
832
781
780
884
781
780
833
884
728
782
