823
773
724
934
985
1038
874
776
724
932
885
831
831
