832
729
780
728
677
624
676
833
884
729
780
884
677
728
728
