624
625
624
624
651
624
572
676
573
520
624
573
572
624
572
573
624
624
