627
676
572
625
624
676
729
676
572
572
573
676
571
614
665
667
670
