780
573
676
624
781
728
832
833
884
781
832
780
625
728
781
