572
521
572
572
624
521
468
572
520
625
520
520
521
572
572
572
522
572
572
520
