729
728
728
729
676
780
729
728
728
781
780
676
730
728
781
