832
781
728
730
780
676
730
728
780
782
780
781
780
832
