728
625
728
676
729
676
729
780
728
677
728
676
781
676
728
