624
520
624
521
624
520
573
572
624
624
677
624
624
625
520
624
573
624
572
