624
624
573
624
572
624
573
624
624
677
624
624
573
676
624
625
572
624
