832
885
832
884
781
884
782
780
728
834
780
781
780
